{
    "rmse": 0.7564215926439244,
    "mae": 0.6154150328116738,
    "r2": 0.13428153193921022
}